fare_id,price,currency_type,payment_method,transfers
409BI1,5.5,BRL,0,0
6116,7.35,BRL,0,0
6118,4.65,BRL,0,0
033,6.4,BRL,0,0
5304PR2,5.9,BRL,0,0
6316EX1,6.6,BRL,0,0
6213EX2,9.5,BRL,0,0
380,4.2,BRL,0,0
283VP1,5.9,BRL,0,0
466EX2,6.15,BRL,0,0
19CELESTE,0.0,BRL,0,0
032,6.6,BRL,0,0
6340,10.05,BRL,0,0
6119,4.65,BRL,0,0
287UBUS,8.5,BRL,0,0
309,8.5,BRL,0,0
322,7.05,BRL,0,0
6316EX2,6.6,BRL,0,0
054,9.0,BRL,0,0
02Verde,0.0,BRL,0,0
6113,21.9,BRL,0,0
6114,21.9,BRL,0,0
6108VP2,11.1,BRL,0,0
6339,9.2,BRL,0,0
6120,4.65,BRL,0,0
633VP1,14.15,BRL,0,0
848,6.1,BRL,0,0
6220EX1,5.55,BRL,0,0
313VP1,8.65,BRL,0,0
228,6.6,BRL,0,0
361EX1,6.4,BRL,0,0
386,8.75,BRL,0,0
736VP1,5.95,BRL,0,0
122,5.9,BRL,0,0
260EX1,6.2,BRL,0,0
6322EX1,4.45,BRL,0,0
462,8.4,BRL,0,0
6219DV1,5.55,BRL,0,0
055,9.0,BRL,0,0
5211EX1,5.05,BRL,0,0
332VP1,5.1,BRL,0,0
6311EX1,5.1,BRL,0,0
6334EX1,17.0,BRL,0,0
264,7.05,BRL,0,0
758,6.15,BRL,0,0
264BI1,6.6,BRL,0,0
345,6.5,BRL,0,0
968,5.55,BRL,0,0
6115EX1,14.75,BRL,0,0
350,7.85,BRL,0,0
860,7.45,BRL,0,0
870,8.05,BRL,0,0
417,5.9,BRL,0,0
870EX1,6.5,BRL,0,0
819EX1,8.15,BRL,0,0
964,5.55,BRL,0,0
6338EX1,6.35,BRL,0,0
956,5.55,BRL,0,0
419,8.65,BRL,0,0
463,6.15,BRL,0,0
468,7.55,BRL,0,0
533,6.15,BRL,0,0
121,5.2,BRL,0,0
403,7.05,BRL,0,0
421,5.9,BRL,0,0
350BI1,7.85,BRL,0,0
962,5.55,BRL,0,0
958,5.55,BRL,0,0
959,5.55,BRL,0,0
382,7.05,BRL,0,0
158BI1,7.05,BRL,0,0
160EX1,7.65,BRL,0,0
121,5.9,BRL,0,0
016,6.7,BRL,0,0
247EX1,6.5,BRL,0,0
6105EX1,21.7,BRL,0,0
466EX1,6.15,BRL,0,0
011PR1,7.1,BRL,0,0
219,9.7,BRL,0,0
316,43.9,BRL,0,0
258,43.9,BRL,0,0
214,18.55,BRL,0,0
379,18.6,BRL,0,0
206,27.9,BRL,0,0
455,6.15,BRL,0,0
456,6.2,BRL,0,0
277,9.75,BRL,0,0
5403EX1,26.0,BRL,0,0
219BI1,9.0,BRL,0,0
152DV1,7.75,BRL,0,0
163,5.8,BRL,0,0
105,5.8,BRL,0,0
103,5.8,BRL,0,0
165,8.4,BRL,0,0
027,5.45,BRL,0,0
405,6.1,BRL,0,0
151,5.45,BRL,0,0
063,8.65,BRL,0,0
040,8.4,BRL,0,0
002,5.0,BRL,0,0
047,5.45,BRL,0,0
030,5.5,BRL,0,0
001,5.0,BRL,0,0
411,8.3,BRL,0,0
036,8.85,BRL,0,0
076,6.1,BRL,0,0
377,6.1,BRL,0,0
145,6.1,BRL,0,0
332,5.1,BRL,0,0
367,5.55,BRL,0,0
068,5.85,BRL,0,0
841,5.85,BRL,0,0
253,6.15,BRL,0,0
095,7.25,BRL,0,0
252,7.75,BRL,0,0
239,4.75,BRL,0,0
438,8.7,BRL,0,0
852,7.45,BRL,0,0
340,5.0,BRL,0,0
339,5.0,BRL,0,0
139,6.7,BRL,0,0
216,4.45,BRL,0,0
442,7.2,BRL,0,0
903,5.55,BRL,0,0
936,6.25,BRL,0,0
942,5.55,BRL,0,0
943,5.55,BRL,0,0
948,5.55,BRL,0,0
008,5.9,BRL,0,0
6213EX1,6.9,BRL,0,0
113,5.9,BRL,0,0
116,13.65,BRL,0,0
052,6.5,BRL,0,0
293,5.5,BRL,0,0
315,5.5,BRL,0,0
039,6.1,BRL,0,0
911,6.25,BRL,0,0
912,6.25,BRL,0,0
913,6.7,BRL,0,0
932DV1,6.25,BRL,0,0
673,5.45,BRL,0,0
591,6.15,BRL,0,0
470,9.5,BRL,0,0
107,5.45,BRL,0,0
182,5.45,BRL,0,0
622,5.5,BRL,0,0
246EX1,5.9,BRL,0,0
171,5.45,BRL,0,0
051,5.45,BRL,0,0
354,8.6,BRL,0,0
362,7.1,BRL,0,0
079,5.85,BRL,0,0
090,5.85,BRL,0,0
459,7.0,BRL,0,0
928,4.85,BRL,0,0
624,5.4,BRL,0,0
629,5.4,BRL,0,0
507,6.4,BRL,0,0
148EX1,5.45,BRL,0,0
358,5.45,BRL,0,0
498,6.15,BRL,0,0
359,6.5,BRL,0,0
302,6.1,BRL,0,0
947,5.55,BRL,0,0
933,6.0,BRL,0,0
937,4.85,BRL,0,0
940,6.25,BRL,0,0
633,20.9,BRL,0,0
632,5.4,BRL,0,0
635,14.6,BRL,0,0
636,6.15,BRL,0,0
673EX2,5.45,BRL,0,0
324,6.15,BRL,0,0
204,7.05,BRL,0,0
939,5.55,BRL,0,0
231,7.05,BRL,0,0
231BI1,7.35,BRL,0,0
678,5.95,BRL,0,0
679,5.95,BRL,0,0
674,5.95,BRL,0,0
727,6.2,BRL,0,0
637,6.15,BRL,0,0
652,6.55,BRL,0,0
653,6.75,BRL,0,0
654,6.8,BRL,0,0
530,8.85,BRL,0,0
559,6.15,BRL,0,0
313,8.65,BRL,0,0
399,7.35,BRL,0,0
291,7.45,BRL,0,0
534,7.15,BRL,0,0
915,6.5,BRL,0,0
517,7.85,BRL,0,0
827,13.65,BRL,0,0
439,7.65,BRL,0,0
919,5.55,BRL,0,0
925,5.55,BRL,0,0
520,8.6,BRL,0,0
382EX1,7.65,BRL,0,0
824EX1,6.2,BRL,0,0
526,6.1,BRL,0,0
537,8.0,BRL,0,0
550,6.95,BRL,0,0
478BI1,7.1,BRL,0,0
100,6.2,BRL,0,0
249,6.15,BRL,0,0
250,6.15,BRL,0,0
657,6.15,BRL,0,0
011,7.1,BRL,0,0
094,5.8,BRL,0,0
944,5.55,BRL,0,0
655,6.75,BRL,0,0
660,6.15,BRL,0,0
663,6.15,BRL,0,0
697,5.95,BRL,0,0
698,5.95,BRL,0,0
934EX1,5.55,BRL,0,0
580,8.6,BRL,0,0
541,6.15,BRL,0,0
584,6.9,BRL,0,0
573,6.15,BRL,0,0
585,7.1,BRL,0,0
578,6.15,BRL,0,0
934,5.55,BRL,0,0
675,5.95,BRL,0,0
676,5.65,BRL,0,0
677,5.55,BRL,0,0
699,5.95,BRL,0,0
694,5.95,BRL,0,0
702,5.95,BRL,0,0
695,5.95,BRL,0,0
704,5.95,BRL,0,0
551,5.0,BRL,0,0
708BI2,6.15,BRL,0,0
563,5.0,BRL,0,0
836,4.65,BRL,0,0
101,5.45,BRL,0,0
688,6.05,BRL,0,0
686,6.05,BRL,0,0
689,5.95,BRL,0,0
724,6.2,BRL,0,0
473,8.6,BRL,0,0
705,5.95,BRL,0,0
709,6.15,BRL,0,0
708,6.15,BRL,0,0
509,5.65,BRL,0,0
508,6.4,BRL,0,0
565,9.15,BRL,0,0
157,5.45,BRL,0,0
102,5.45,BRL,0,0
195,5.45,BRL,0,0
196,5.5,BRL,0,0
5209,19.3,BRL,0,0
512,8.6,BRL,0,0
521,8.6,BRL,0,0
167PR1,8.6,BRL,0,0
480,6.1,BRL,0,0
835,7.05,BRL,0,0
636PR1,6.15,BRL,0,0
484,5.0,BRL,0,0
555,7.1,BRL,0,0
970,6.25,BRL,0,0
587,5.85,BRL,0,0
5107,6.55,BRL,0,0
238,5.5,BRL,0,0
366,5.5,BRL,0,0
342DV1,8.6,BRL,0,0
497,7.5,BRL,0,0
496EX1,6.15,BRL,0,0
969,5.55,BRL,0,0
5220,4.75,BRL,0,0
809,5.9,BRL,0,0
6308,5.1,BRL,0,0
6311,5.1,BRL,0,0
6312,5.1,BRL,0,0
965,5.55,BRL,0,0
957,5.55,BRL,0,0
963,5.55,BRL,0,0
329,7.45,BRL,0,0
247,7.05,BRL,0,0
6115,14.75,BRL,0,0
478,7.1,BRL,0,0
538,7.35,BRL,0,0
511,6.6,BRL,0,0
952,6.5,BRL,0,0
560,7.05,BRL,0,0
337BI1,7.1,BRL,0,0
5407VP2,5.9,BRL,0,0
850EX1,7.05,BRL,0,0
428,5.9,BRL,0,0
390,6.2,BRL,0,0
481,7.25,BRL,0,0
600,7.5,BRL,0,0
604,6.0,BRL,0,0
604EX1,5.95,BRL,0,0
351PR1,6.4,BRL,0,0
506,6.4,BRL,0,0
247VP2,7.05,BRL,0,0
617PR1,5.95,BRL,0,0
840,7.05,BRL,0,0
489,7.05,BRL,0,0
492,6.2,BRL,0,0
494,5.9,BRL,0,0
342,8.6,BRL,0,0
396,7.6,BRL,0,0
197,8.7,BRL,0,0
349,5.8,BRL,0,0
408,8.6,BRL,0,0
609,6.85,BRL,0,0
606,8.25,BRL,0,0
608,6.7,BRL,0,0
612DV1,8.7,BRL,0,0
490,5.85,BRL,0,0
173,5.9,BRL,0,0
493,6.55,BRL,0,0
140,5.45,BRL,0,0
607,7.65,BRL,0,0
615,12.9,BRL,0,0
617,5.95,BRL,0,0
292DV1,8.6,BRL,0,0
454,5.95,BRL,0,0
050,6.5,BRL,0,0
050EX1,6.5,BRL,0,0
446,5.45,BRL,0,0
614,14.55,BRL,0,0
714,8.7,BRL,0,0
623,5.4,BRL,0,0
828,7.15,BRL,0,0
949DV1,5.3,BRL,0,0
572,5.9,BRL,0,0
568,8.85,BRL,0,0
838,14.3,BRL,0,0
715,8.7,BRL,0,0
719,5.95,BRL,0,0
579,5.9,BRL,0,0
030BI1,5.5,BRL,0,0
261,9.0,BRL,0,0
311DV1,9.0,BRL,0,0
831,6.5,BRL,0,0
038VP1,7.95,BRL,0,0
390BI1,6.2,BRL,0,0
6108EX3,27.45,BRL,0,0
087,5.9,BRL,0,0
244,5.9,BRL,0,0
557,7.05,BRL,0,0
262,5.9,BRL,0,0
265,5.45,BRL,0,0
323,5.45,BRL,0,0
734,9.3,BRL,0,0
619,5.4,BRL,0,0
536,4.45,BRL,0,0
468BI1,7.55,BRL,0,0
120,7.25,BRL,0,0
190,6.4,BRL,0,0
628,5.5,BRL,0,0
211,7.05,BRL,0,0
193,5.0,BRL,0,0
089,5.85,BRL,0,0
625,5.4,BRL,0,0
627,5.5,BRL,0,0
042,7.95,BRL,0,0
241,5.85,BRL,0,0
191,5.85,BRL,0,0
279,5.45,BRL,0,0
300,5.85,BRL,0,0
117,5.45,BRL,0,0
336,5.45,BRL,0,0
374,4.2,BRL,0,0
638,6.15,BRL,0,0
639,5.65,BRL,0,0
644,5.65,BRL,0,0
647,5.65,BRL,0,0
651,6.15,BRL,0,0
5210,31.25,BRL,0,0
156,5.45,BRL,0,0
381,5.9,BRL,0,0
215,7.65,BRL,0,0
402,4.2,BRL,0,0
307,5.9,BRL,0,0
5209DV1,19.3,BRL,0,0
034,4.45,BRL,0,0
451,5.0,BRL,0,0
842,8.15,BRL,0,0
227DV1,8.6,BRL,0,0
341DV1,8.6,BRL,0,0
469,6.15,BRL,0,0
202,7.45,BRL,0,0
5211,5.05,BRL,0,0
170,5.45,BRL,0,0
230,7.05,BRL,0,0
085VP1,7.2,BRL,0,0
280,13.05,BRL,0,0
280BI1,13.05,BRL,0,0
658,6.15,BRL,0,0
278,13.05,BRL,0,0
303,5.9,BRL,0,0
053,6.5,BRL,0,0
053BI1,5.9,BRL,0,0
229,5.9,BRL,0,0
080,6.5,BRL,0,0
352,9.05,BRL,0,0
138,7.35,BRL,0,0
659,6.15,BRL,0,0
085,8.5,BRL,0,0
093,6.15,BRL,0,0
248,7.75,BRL,0,0
096,8.6,BRL,0,0
535,7.1,BRL,0,0
200,23.4,BRL,0,0
620,5.4,BRL,0,0
5303,5.9,BRL,0,0
201,23.2,BRL,0,0
257,7.65,BRL,0,0
003,6.15,BRL,0,0
104,5.8,BRL,0,0
914,6.0,BRL,0,0
664,6.15,BRL,0,0
666,6.15,BRL,0,0
5212,17.9,BRL,0,0
5213,27.85,BRL,0,0
5214,24.3,BRL,0,0
5216,16.0,BRL,0,0
5304,5.9,BRL,0,0
662,6.15,BRL,0,0
337,7.2,BRL,0,0
110,6.15,BRL,0,0
111,5.8,BRL,0,0
042VP1,7.95,BRL,0,0
210,7.25,BRL,0,0
668,5.95,BRL,0,0
5306,24.3,BRL,0,0
5307,9.25,BRL,0,0
5501,67.5,BRL,0,0
5320,4.2,BRL,0,0
240,13.25,BRL,0,0
049,6.15,BRL,0,0
187,13.25,BRL,0,0
281,7.1,BRL,0,0
640,5.65,BRL,0,0
700,5.95,BRL,0,0
701,5.95,BRL,0,0
696,5.95,BRL,0,0
939DV1,5.55,BRL,0,0
5503,48.75,BRL,0,0
375,13.25,BRL,0,0
217,8.4,BRL,0,0
153,7.75,BRL,0,0
305,5.45,BRL,0,0
255,5.45,BRL,0,0
706,5.95,BRL,0,0
503,6.4,BRL,0,0
652EX1,6.75,BRL,0,0
655DV1,6.8,BRL,0,0
5504,39.9,BRL,0,0
283,5.9,BRL,0,0
223,5.9,BRL,0,0
020,5.9,BRL,0,0
023,5.9,BRL,0,0
024,5.9,BRL,0,0
938,6.25,BRL,0,0
941,6.25,BRL,0,0
739,6.15,BRL,0,0
652EX2,6.75,BRL,0,0
5508,60.6,BRL,0,0
022,5.9,BRL,0,0
246,7.6,BRL,0,0
404,5.9,BRL,0,0
082,9.1,BRL,0,0
418,7.45,BRL,0,0
552,7.75,BRL,0,0
266DV1,7.75,BRL,0,0
513,5.0,BRL,0,0
5511,43.05,BRL,0,0
5305,40.5,BRL,0,0
5506,11.65,BRL,0,0
5206,5.1,BRL,0,0
821,7.45,BRL,0,0
5219,16.25,BRL,0,0
246BI1,7.6,BRL,0,0
012,5.75,BRL,0,0
226,5.75,BRL,0,0
237,5.0,BRL,0,0
266,7.75,BRL,0,0
137,8.6,BRL,0,0
335,6.1,BRL,0,0
082BI1,9.1,BRL,0,0
227,8.6,BRL,0,0
341,8.6,BRL,0,0
292,8.6,BRL,0,0
331,7.2,BRL,0,0
429,5.9,BRL,0,0
683,5.65,BRL,0,0
685,5.95,BRL,0,0
040EX1,7.05,BRL,0,0
606EX1,8.25,BRL,0,0
819,11.6,BRL,0,0
409,5.5,BRL,0,0
236,7.05,BRL,0,0
212,7.05,BRL,0,0
708BI1,5.95,BRL,0,0
824,6.2,BRL,0,0
810,6.15,BRL,0,0
5304PR1,5.9,BRL,0,0
816,8.85,BRL,0,0
310,8.5,BRL,0,0
312,5.95,BRL,0,0
540,7.6,BRL,0,0
961,5.05,BRL,0,0
955,11.75,BRL,0,0
950,5.9,BRL,0,0
488,7.45,BRL,0,0
826,7.1,BRL,0,0
749,5.65,BRL,0,0
499,6.15,BRL,0,0
501,8.6,BRL,0,0
378,13.65,BRL,0,0
467,9.15,BRL,0,0
531,5.0,BRL,0,0
158,8.45,BRL,0,0
100BI1,6.15,BRL,0,0
160,8.45,BRL,0,0
175,7.1,BRL,0,0
427,12.75,BRL,0,0
843,4.65,BRL,0,0
443,6.15,BRL,0,0
582,4.65,BRL,0,0
742,5.95,BRL,0,0
800,19.05,BRL,0,0
750,5.65,BRL,0,0
321,6.15,BRL,0,0
214VP1,16.8,BRL,0,0
472,39.9,BRL,0,0
5105,8.9,BRL,0,0
5109,11.35,BRL,0,0
5204,13.8,BRL,0,0
5205,11.0,BRL,0,0
5207,14.45,BRL,0,0
156BI1,5.45,BRL,0,0
218,8.4,BRL,0,0
314,7.75,BRL,0,0
134,5.9,BRL,0,0
360,5.9,BRL,0,0
198,7.2,BRL,0,0
426,8.05,BRL,0,0
510,5.85,BRL,0,0
6105,26.55,BRL,0,0
149,5.45,BRL,0,0
254,5.5,BRL,0,0
254DV1,5.5,BRL,0,0
148,5.45,BRL,0,0
147,7.05,BRL,0,0
439VP1,5.9,BRL,0,0
273,7.25,BRL,0,0
6206,4.95,BRL,0,0
6207,4.95,BRL,0,0
6207VP1,4.95,BRL,0,0
114,7.25,BRL,0,0
141,9.75,BRL,0,0
038,8.65,BRL,0,0
415,5.7,BRL,0,0
416,7.25,BRL,0,0
025,6.1,BRL,0,0
245,5.85,BRL,0,0
124,5.85,BRL,0,0
128,5.85,BRL,0,0
6328,4.45,BRL,0,0
6327,4.45,BRL,0,0
6330,5.35,BRL,0,0
825,7.1,BRL,0,0
178,5.85,BRL,0,0
343,5.85,BRL,0,0
834,5.85,BRL,0,0
125BI1,5.85,BRL,0,0
178BI1,5.85,BRL,0,0
5217,22.85,BRL,0,0
6330PR1,5.35,BRL,0,0
6222BI2,6.2,BRL,0,0
6335,8.5,BRL,0,0
6321,7.35,BRL,0,0
6320BI1,7.35,BRL,0,0
256,6.6,BRL,0,0
297,8.85,BRL,0,0
351,6.4,BRL,0,0
351BI1,6.4,BRL,0,0
422,8.15,BRL,0,0
327,6.1,BRL,0,0
269,6.1,BRL,0,0
6320,7.35,BRL,0,0
566,13.25,BRL,0,0
6323,5.55,BRL,0,0
6326,7.55,BRL,0,0
6104,6.65,BRL,0,0
6209,7.75,BRL,0,0
6208,10.0,BRL,0,0
6324,5.55,BRL,0,0
014,5.9,BRL,0,0
180,6.35,BRL,0,0
430,5.9,BRL,0,0
084,5.9,BRL,0,0
086,7.05,BRL,0,0
199,5.9,BRL,0,0
060,5.9,BRL,0,0
5312,5.35,BRL,0,0
6301,13.85,BRL,0,0
6302,6.65,BRL,0,0
6303,9.5,BRL,0,0
466,6.15,BRL,0,0
086PR1,7.05,BRL,0,0
181,7.05,BRL,0,0
061,6.5,BRL,0,0
263,5.9,BRL,0,0
479,5.9,BRL,0,0
059,7.05,BRL,0,0
060BI1,6.35,BRL,0,0
6110,20.7,BRL,0,0
6108,20.7,BRL,0,0
6316,6.6,BRL,0,0
6214,4.95,BRL,0,0
6215,4.95,BRL,0,0
319,6.15,BRL,0,0
432,5.45,BRL,0,0
318,7.1,BRL,0,0
242,6.1,BRL,0,0
075,6.1,BRL,0,0
088,6.1,BRL,0,0
745,5.95,BRL,0,0
746,6.55,BRL,0,0
5318,5.05,BRL,0,0
6219,5.55,BRL,0,0
073,5.85,BRL,0,0
152,7.75,BRL,0,0
077,7.75,BRL,0,0
589,6.1,BRL,0,0
549,6.1,BRL,0,0
574,7.75,BRL,0,0
154,7.75,BRL,0,0
6220,5.55,BRL,0,0
6216,5.55,BRL,0,0
6218,5.1,BRL,0,0
6333,30.1,BRL,0,0
6334,30.1,BRL,0,0
004,7.75,BRL,0,0
112,6.5,BRL,0,0
431,7.75,BRL,0,0
006,7.05,BRL,0,0
064,7.05,BRL,0,0
218EX1,8.4,BRL,0,0
177,5.9,BRL,0,0
596,5.8,BRL,0,0
5104,7.15,BRL,0,0
6338,6.35,BRL,0,0
953,5.15,BRL,0,0
845,5.85,BRL,0,0
123,5.9,BRL,0,0
165BI1,6.6,BRL,0,0
165EX1,7.75,BRL,0,0
424,5.45,BRL,0,0
5110,7.5,BRL,0,0
5402,52.55,BRL,0,0
5404,9.25,BRL,0,0
244BI1,5.9,BRL,0,0
244VP1,5.9,BRL,0,0
460,5.5,BRL,0,0
069,4.2,BRL,0,0
194,5.5,BRL,0,0
043,5.5,BRL,0,0
043BI1,5.5,BRL,0,0
032DV1,6.6,BRL,0,0
070,5.45,BRL,0,0
5505,6.7,BRL,0,0
954,5.55,BRL,0,0
636EX1,6.15,BRL,0,0
815,7.05,BRL,0,0
6315VP1,6.6,BRL,0,0
372,5.55,BRL,0,0
115,8.0,BRL,0,0
598,8.0,BRL,0,0
167,8.6,BRL,0,0
166,8.85,BRL,0,0
166BI1,7.75,BRL,0,0
601,7.5,BRL,0,0
605,6.0,BRL,0,0
744,8.15,BRL,0,0
384,8.6,BRL,0,0
529,8.85,BRL,0,0
525,8.6,BRL,0,0
213,7.6,BRL,0,0
347,5.4,BRL,0,0
078,5.85,BRL,0,0
5506DV1,11.65,BRL,0,0
5313DV1,5.35,BRL,0,0
5207DV1,14.45,BRL,0,0
450,6.15,BRL,0,0
449,6.15,BRL,0,0
041,4.2,BRL,0,0
448,6.15,BRL,0,0
392,6.6,BRL,0,0
361,9.0,BRL,0,0
311,9.0,BRL,0,0
5403,14.3,BRL,0,0
5405,5.9,BRL,0,0
6225EX1,5.8,BRL,0,0
6108EX1,30.75,BRL,0,0
348,5.8,BRL,0,0
288,5.8,BRL,0,0
394,7.25,BRL,0,0
353,5.8,BRL,0,0
363,5.8,BRL,0,0
317,4.15,BRL,0,0
436,5.5,BRL,0,0
6108EX2,30.75,BRL,0,0
6108EX4,12.15,BRL,0,0
551VP1,5.0,BRL,0,0
850,7.05,BRL,0,0
285,5.8,BRL,0,0
906,5.55,BRL,0,0
907,5.55,BRL,0,0
902,5.55,BRL,0,0
917,5.55,BRL,0,0
284,5.8,BRL,0,0
918,5.55,BRL,0,0
376,5.8,BRL,0,0
618,10.95,BRL,0,0
288PIR,5.8,BRL,0,0
802,6.7,BRL,0,0
807,8.85,BRL,0,0
673EX1,5.45,BRL,0,0
905,13.75,BRL,0,0
927,6.25,BRL,0,0
931,6.25,BRL,0,0
932,6.25,BRL,0,0
581,5.9,BRL,0,0
208,6.1,BRL,0,0
290,5.8,BRL,0,0
287,5.8,BRL,0,0
933BI1,6.0,BRL,0,0
945,6.25,BRL,0,0
909,10.1,BRL,0,0
287PIR,5.8,BRL,0,0
910,32.9,BRL,0,0
921,22.15,BRL,0,0
616,10.95,BRL,0,0
5208,17.75,BRL,0,0
591DV1,6.15,BRL,0,0
6322,4.45,BRL,0,0
6213,7.55,BRL,0,0
6222,6.2,BRL,0,0
6222BI1,6.2,BRL,0,0
6101,9.5,BRL,0,0
6201,8.5,BRL,0,0
6306,9.5,BRL,0,0
6305,5.1,BRL,0,0
630,5.4,BRL,0,0
631,5.5,BRL,0,0
626,5.4,BRL,0,0
082DV1,9.1,BRL,0,0
680VP1,5.95,BRL,0,0
687EX2,6.05,BRL,0,0
524,8.25,BRL,0,0
833,7.5,BRL,0,0
634,5.65,BRL,0,0
661,6.15,BRL,0,0
542,6.15,BRL,0,0
811,4.45,BRL,0,0
855,5.45,BRL,0,0
604DV1,6.0,BRL,0,0
606DV1,8.25,BRL,0,0
736,5.95,BRL,0,0
822,7.3,BRL,0,0
543,5.85,BRL,0,0
737,5.95,BRL,0,0
496,6.15,BRL,0,0
588,8.6,BRL,0,0
5311,14.45,BRL,0,0
5308,4.2,BRL,0,0
5316,4.2,BRL,0,0
5317,4.9,BRL,0,0
5319,17.65,BRL,0,0
5509,9.25,BRL,0,0
687EX1,6.05,BRL,0,0
528,5.9,BRL,0,0
063EX1,8.65,BRL,0,0
823,5.9,BRL,0,0
6225,5.8,BRL,0,0
6226,5.8,BRL,0,0
6106,5.35,BRL,0,0
6223,6.3,BRL,0,0
6109,6.65,BRL,0,0
709EX1,6.15,BRL,0,0
703,5.95,BRL,0,0
624DV1,5.4,BRL,0,0
493DV1,6.55,BRL,0,0
027EX1,5.45,BRL,0,0
059PR1,7.2,BRL,0,0
951,4.85,BRL,0,0
829,6.6,BRL,0,0
286,5.8,BRL,0,0
289,5.8,BRL,0,0
125,5.85,BRL,0,0
056,6.65,BRL,0,0
036BI1,6.4,BRL,0,0
291BI1,7.45,BRL,0,0
035,7.75,BRL,0,0
462BI1,8.4,BRL,0,0
334,5.5,BRL,0,0
687,6.05,BRL,0,0
5113,5.55,BRL,0,0
6320DV1,7.35,BRL,0,0
649,6.15,BRL,0,0
5301,19.3,BRL,0,0
707,5.95,BRL,0,0
532,6.7,BRL,0,0
518,7.45,BRL,0,0
130,7.05,BRL,0,0
346,7.15,BRL,0,0
058,7.05,BRL,0,0
203,5.9,BRL,0,0
260,6.2,BRL,0,0
407,6.15,BRL,0,0
930,11.75,BRL,0,0
929,14.3,BRL,0,0
949,5.3,BRL,0,0
461,5.8,BRL,0,0
680,5.95,BRL,0,0
693,14.0,BRL,0,0
612,8.7,BRL,0,0
621,5.5,BRL,0,0
642,14.6,BRL,0,0
636PR2,6.15,BRL,0,0
727EX1,6.2,BRL,0,0
740,6.75,BRL,0,0
500,5.8,BRL,0,0
6325,7.55,BRL,0,0
558,5.0,BRL,0,0
120PR1,7.25,BRL,0,0
741,5.95,BRL,0,0
324BI1,6.15,BRL,0,0
911DV1,6.25,BRL,0,0
655PR1,6.8,BRL,0,0
654BI1,6.75,BRL,0,0
933DV1,6.0,BRL,0,0
564,7.9,BRL,0,0
242BI1,7.95,BRL,0,0
818,13.65,BRL,0,0
806,4.45,BRL,0,0
5310,5.7,BRL,0,0
5106,8.2,BRL,0,0
5111,5.7,BRL,0,0
6224EX1,9.45,BRL,0,0
6224,6.75,BRL,0,0
5114,5.75,BRL,0,0
5116,6.25,BRL,0,0
5117,5.8,BRL,0,0
5118,5.75,BRL,0,0
5201,5.9,BRL,0,0
5202,6.8,BRL,0,0
5203,4.75,BRL,0,0
5309,5.7,BRL,0,0
5313,5.35,BRL,0,0
5401,50.85,BRL,0,0
5406,50.85,BRL,0,0
5407,12.55,BRL,0,0
808,5.5,BRL,0,0
814,7.05,BRL,0,0
820,9.7,BRL,0,0
6224VP1,6.75,BRL,0,0
6315,6.6,BRL,0,0
6317,6.6,BRL,0,0
752,6.55,BRL,0,0
751,6.55,BRL,0,0
755,6.75,BRL,0,0
756,5.65,BRL,0,0
